eval_loss = 0.6727463415690831
acc = 0.5956678700361011
