eval_loss = 0.6727463381631034
acc = 0.5956678700361011
