eval_loss = 0.6727463228361947
acc = 0.5956678700361011
