eval_loss = 0.6727463262421745
acc = 0.5956678700361011
