eval_loss = 0.6727463347571236
acc = 0.5956678700361011
